1.050000e+03
1.096500e+03
1.154000e+03
1.213000e+03
1.271500e+03
1.334500e+03
1.397000e+03
1.461500e+03
1.522000e+03
1.610000e+03
1.682500e+03
1.768500e+03
1.870500e+03
1.974000e+03
2.071500e+03
2.166000e+03
2.265000e+03
2.361500e+03
2.461000e+03
2.602000e+03
2.715500e+03
2.843500e+03
2.972000e+03
3.106000e+03
3.254000e+03
3.389500e+03
3.536500e+03
3.727000e+03
3.880000e+03
4.056000e+03
4.266000e+03
4.420000e+03
4.643500e+03
4.837500e+03
5.048000e+03
5.257000e+03
5.495000e+03
5.738500e+03
5.988500e+03
6.216500e+03
6.491500e+03
6.748000e+03
7.014500e+03
7.272000e+03
7.547000e+03
7.814500e+03
8.096500e+03
8.455000e+03
8.780000e+03
9.088500e+03
9.456000e+03
9.790500e+03
1.013200e+04
1.050050e+04
1.084900e+04
1.122700e+04
1.157000e+04
1.194300e+04
1.230350e+04
1.266150e+04
1.301700e+04
1.337400e+04
1.371800e+04
1.406250e+04
1.443100e+04
1.481300e+04
1.516600e+04
1.551850e+04
1.584150e+04
1.614900e+04
1.649250e+04
1.680450e+04
1.716200e+04
1.747550e+04
1.785450e+04
1.817650e+04
1.845650e+04
1.872050e+04
1.899250e+04
1.923050e+04
1.947250e+04
1.967600e+04
1.978100e+04
1.993300e+04
2.006800e+04
2.015900e+04
2.030250e+04
2.037850e+04
2.046700e+04
2.057200e+04
2.064350e+04
2.072350e+04
2.069000e+04
2.068350e+04
2.069800e+04
2.063150e+04
2.060750e+04
2.055200e+04
2.051100e+04
2.045800e+04
2.037700e+04
2.028200e+04
2.016050e+04
1.995850e+04
1.976150e+04
1.955050e+04
1.937950e+04
1.917550e+04
1.891600e+04
1.864100e+04
1.839150e+04
1.810550e+04
1.786600e+04
1.762150e+04
1.738400e+04
1.714000e+04
1.686150e+04
1.656400e+04
1.625000e+04
1.597750e+04
1.568850e+04
1.538450e+04
1.510800e+04
1.476350e+04
1.444750e+04
1.411400e+04
1.381800e+04
1.351400e+04
1.324300e+04
1.293750e+04
1.263700e+04
1.233100e+04
1.201900e+04
1.174000e+04
1.144550e+04
1.114300e+04
1.089050e+04
1.065350e+04
1.036750e+04
1.009750e+04
9.834000e+03
9.584500e+03
9.344000e+03
9.090000e+03
8.866000e+03
8.628000e+03
8.388000e+03
8.181500e+03
7.965000e+03
7.775500e+03
