6.000000e+00
6.000000e+00
7.500000e+00
7.500000e+00
9.000000e+00
9.500000e+00
1.050000e+01
9.500000e+00
1.200000e+01
1.500000e+01
1.950000e+01
2.050000e+01
2.250000e+01
2.350000e+01
2.600000e+01
2.950000e+01
3.450000e+01
3.950000e+01
4.200000e+01
5.150000e+01
5.750000e+01
6.750000e+01
7.450000e+01
8.450000e+01
1.015000e+02
1.115000e+02
1.240000e+02
1.370000e+02
1.510000e+02
1.680000e+02
1.820000e+02
1.990000e+02
2.195000e+02
2.455000e+02
2.795000e+02
3.105000e+02
3.480000e+02
3.875000e+02
4.350000e+02
4.860000e+02
5.295000e+02
5.835000e+02
6.515000e+02
7.400000e+02
8.175000e+02
9.140000e+02
1.018500e+03
1.138000e+03
1.290000e+03
1.430500e+03
1.595000e+03
1.782000e+03
2.003500e+03
2.232500e+03
2.501500e+03
2.819500e+03
3.119000e+03
3.457500e+03
3.844000e+03
4.278500e+03
4.756500e+03
5.318500e+03
5.958000e+03
6.619500e+03
7.349000e+03
8.162000e+03
9.069000e+03
1.007750e+04
1.126150e+04
1.260500e+04
1.404050e+04
1.562800e+04
1.741150e+04
1.937100e+04
2.147450e+04
2.392250e+04
2.659800e+04
2.967150e+04
3.308150e+04
3.689000e+04
4.109800e+04
4.569750e+04
5.084650e+04
5.646600e+04
6.276950e+04
6.991550e+04
7.788400e+04
8.674850e+04
9.664200e+04
1.076185e+05
1.195770e+05
1.329225e+05
1.478405e+05
1.644195e+05
1.828825e+05
2.031335e+05
2.255580e+05
2.505565e+05
2.781040e+05
3.085170e+05
3.421650e+05
3.791090e+05
4.196975e+05
4.648750e+05
5.141475e+05
5.682695e+05
6.277995e+05
6.928180e+05
7.636100e+05
8.406145e+05
9.242750e+05
1.015438e+06
1.113500e+06
1.218916e+06
1.331386e+06
1.452280e+06
1.580123e+06
1.715370e+06
1.857737e+06
2.007444e+06
2.163783e+06
2.325448e+06
2.490607e+06
2.659150e+06
2.831376e+06
3.002977e+06
3.174384e+06
3.343232e+06
3.507828e+06
3.665284e+06
3.814930e+06
3.956204e+06
4.085988e+06
4.202628e+06
4.306214e+06
4.394326e+06
4.467580e+06
4.525283e+06
4.538911e+06
4.527790e+06
4.498770e+06
4.507934e+06
4.502402e+06
4.470674e+06
4.453883e+06
4.388128e+06
4.312260e+06
4.226423e+06
4.133883e+06
4.036478e+06
3.978171e+06
3.907220e+06
3.797692e+06
3.685592e+06
3.571639e+06
3.454949e+06
3.337510e+06
3.219818e+06
3.103482e+06
2.988034e+06
2.873086e+06
2.759602e+06
2.648712e+06
2.540515e+06
2.433666e+06
2.329670e+06
2.229928e+06
2.132048e+06
2.036702e+06
1.944734e+06
1.856304e+06
1.770870e+06
1.687976e+06
1.608516e+06
1.532278e+06
1.458738e+06
1.388529e+06
1.321270e+06
1.256638e+06
1.195004e+06
1.136372e+06
1.080175e+06
1.026272e+06
9.749350e+05
9.258650e+05
8.792415e+05
8.345050e+05
7.923325e+05
7.517350e+05
7.133240e+05
6.767470e+05
6.419360e+05
6.090210e+05
5.776830e+05
5.479295e+05
5.196655e+05
4.923645e+05
4.668850e+05
4.424785e+05
4.192740e+05
3.974290e+05
3.765500e+05
3.567930e+05
3.379030e+05
3.202585e+05
3.033300e+05
2.873275e+05
2.720095e+05
2.576900e+05
2.439925e+05
2.310505e+05
2.187285e+05
2.070465e+05
1.961305e+05
1.856555e+05
1.758990e+05
1.665140e+05
1.576740e+05
1.493340e+05
1.413255e+05
1.337765e+05
1.266900e+05
1.198965e+05
1.135240e+05
1.074780e+05
1.018815e+05
9.632650e+04
9.111500e+04
8.618250e+04
8.154000e+04
7.717200e+04
7.306600e+04
6.925800e+04
6.551300e+04
6.216250e+04
5.881850e+04
5.574400e+04
5.276650e+04
4.991050e+04
4.730150e+04
4.475350e+04
4.233300e+04
4.008650e+04
3.791800e+04
3.590450e+04
3.399750e+04
3.215800e+04
3.039550e+04
2.878350e+04
2.728500e+04
2.582500e+04
2.444450e+04
2.314850e+04
2.185850e+04
2.069700e+04
1.955550e+04
1.849500e+04
1.747050e+04
1.647800e+04
1.565000e+04
1.479750e+04
1.399950e+04
1.329750e+04
1.255450e+04
1.190750e+04
1.124700e+04
1.064250e+04
1.007100e+04
9.538500e+03
9.054000e+03
8.589000e+03
8.103000e+03
7.690500e+03
7.290500e+03
6.912000e+03
6.508000e+03
6.149000e+03
5.811000e+03
5.521500e+03
5.225500e+03
4.956000e+03
4.685500e+03
4.419500e+03
4.172500e+03
3.968500e+03
3.772000e+03
3.556500e+03
3.356500e+03
3.162500e+03
2.979500e+03
2.817000e+03
2.679500e+03
2.523000e+03
2.396000e+03
2.259500e+03
2.138500e+03
2.037000e+03
1.930000e+03
1.833000e+03
1.734000e+03
