1.172000e+03
1.362500e+03
1.593000e+03
1.859500e+03
2.170000e+03
2.528000e+03
2.949000e+03
3.407000e+03
3.956500e+03
4.631500e+03
5.382500e+03
6.213000e+03
7.141500e+03
8.220500e+03
9.479000e+03
1.080550e+04
1.235250e+04
1.409350e+04
1.602200e+04
1.815850e+04
2.059150e+04
2.329800e+04
2.622250e+04
2.919300e+04
3.238150e+04
3.569750e+04
3.913800e+04
4.257550e+04
4.603950e+04
4.949000e+04
5.277950e+04
5.571400e+04
5.854800e+04
6.109750e+04
6.317850e+04
6.466000e+04
6.582800e+04
6.650750e+04
6.694100e+04
6.701900e+04
6.660050e+04
6.580150e+04
6.473050e+04
6.357950e+04
6.221650e+04
6.063100e+04
5.875200e+04
5.681450e+04
5.491700e+04
5.297300e+04
5.099450e+04
4.895000e+04
4.688000e+04
4.485950e+04
4.284450e+04
4.085500e+04
3.898400e+04
3.712300e+04
3.530550e+04
3.362100e+04
3.191400e+04
3.031150e+04
2.875500e+04
2.727950e+04
2.582850e+04
2.443950e+04
2.315200e+04
2.187900e+04
2.069000e+04
1.957350e+04
1.847800e+04
1.742600e+04
1.644600e+04
1.552900e+04
1.467650e+04
1.382800e+04
1.308250e+04
1.235950e+04
1.164200e+04
1.099750e+04
1.039650e+04
9.801000e+03
9.259500e+03
8.723000e+03
8.243000e+03
7.757500e+03
7.307000e+03
6.907500e+03
6.518000e+03
6.160500e+03
5.781000e+03
5.437500e+03
5.125000e+03
4.824000e+03
4.542000e+03
4.270500e+03
4.015000e+03
3.807000e+03
3.588500e+03
3.379000e+03
3.177500e+03
2.981000e+03
2.805000e+03
2.646500e+03
2.485000e+03
2.341500e+03
2.211000e+03
2.074000e+03
1.955000e+03
1.841000e+03
1.735500e+03
1.633000e+03
1.539500e+03
1.453000e+03
1.377500e+03
1.298000e+03
1.225000e+03
1.154500e+03
1.082500e+03
1.020500e+03
9.510000e+02
8.935000e+02
8.500000e+02
7.920000e+02
7.440000e+02
6.985000e+02
6.575000e+02
6.140000e+02
5.785000e+02
5.395000e+02
5.045000e+02
4.735000e+02
4.430000e+02
4.135000e+02
3.895000e+02
3.705000e+02
3.435000e+02
3.240000e+02
3.085000e+02
2.880000e+02
2.735000e+02
2.590000e+02
2.490000e+02
2.385000e+02
2.190000e+02
2.045000e+02
1.920000e+02
1.815000e+02
1.695000e+02
1.615000e+02
