1.030500e+03
1.072000e+03
1.090000e+03
1.136500e+03
1.178500e+03
1.217500e+03
1.257500e+03
1.302500e+03
1.354000e+03
1.406000e+03
1.457500e+03
1.499000e+03
1.556000e+03
1.601000e+03
1.639000e+03
1.674500e+03
1.709000e+03
1.758000e+03
1.825000e+03
1.896500e+03
1.970000e+03
2.019000e+03
2.087000e+03
2.164500e+03
2.242000e+03
2.319500e+03
2.370500e+03
2.440000e+03
2.488500e+03
2.553500e+03
2.634500e+03
2.682000e+03
2.761500e+03
2.863500e+03
2.964000e+03
3.042000e+03
3.092000e+03
3.200500e+03
3.264000e+03
3.348500e+03
3.436500e+03
3.525500e+03
3.588000e+03
3.711500e+03
3.801500e+03
3.901000e+03
3.962000e+03
4.063000e+03
4.133500e+03
4.251500e+03
4.365500e+03
4.446000e+03
4.528500e+03
4.652000e+03
4.748000e+03
4.874500e+03
4.954000e+03
5.012500e+03
5.110000e+03
5.220000e+03
5.304500e+03
5.427000e+03
5.483500e+03
5.622000e+03
5.729000e+03
5.788000e+03
5.883500e+03
6.011000e+03
6.087500e+03
6.183000e+03
6.306000e+03
6.415500e+03
6.460000e+03
6.555500e+03
6.639500e+03
6.716000e+03
6.741000e+03
6.824500e+03
6.886000e+03
6.971500e+03
6.998000e+03
7.098000e+03
7.160000e+03
7.213500e+03
7.230500e+03
7.281000e+03
7.313500e+03
7.369500e+03
7.382000e+03
7.424000e+03
7.394500e+03
7.358000e+03
7.375000e+03
7.347500e+03
7.373000e+03
7.384000e+03
7.382000e+03
7.358500e+03
7.334000e+03
7.303000e+03
7.305500e+03
7.287500e+03
7.248000e+03
7.242500e+03
7.189500e+03
7.117500e+03
7.101500e+03
7.086500e+03
7.045500e+03
6.959000e+03
6.889500e+03
6.807500e+03
6.755000e+03
6.697500e+03
6.653000e+03
6.585500e+03
6.497500e+03
6.420500e+03
6.301500e+03
6.254500e+03
6.142500e+03
6.053500e+03
5.999500e+03
5.916500e+03
5.842000e+03
5.740000e+03
5.679000e+03
5.564500e+03
5.466500e+03
5.361500e+03
5.249000e+03
5.179500e+03
5.107000e+03
5.026000e+03
4.942500e+03
4.826000e+03
4.735500e+03
4.652000e+03
4.554500e+03
4.470000e+03
4.362000e+03
4.282000e+03
4.166500e+03
4.101500e+03
4.028500e+03
3.956000e+03
3.888000e+03
3.794000e+03
3.717000e+03
3.641500e+03
