8.493400e+04
7.172700e+04
6.052450e+04
5.089550e+04
4.278400e+04
3.585900e+04
3.008400e+04
2.513250e+04
2.104200e+04
1.755650e+04
1.466000e+04
1.223700e+04
1.025950e+04
8.536000e+03
7.122000e+03
5.951500e+03
4.950500e+03
4.133500e+03
3.431000e+03
2.857000e+03
2.397500e+03
1.990500e+03
1.664000e+03
1.387000e+03
1.151500e+03
9.570000e+02
7.970000e+02
6.715000e+02
5.465000e+02
4.545000e+02
3.800000e+02
3.230000e+02
2.720000e+02
2.275000e+02
1.865000e+02
1.535000e+02
1.245000e+02
1.065000e+02
9.150000e+01
7.400000e+01
6.100000e+01
5.250000e+01
4.150000e+01
3.600000e+01
3.150000e+01
2.800000e+01
2.400000e+01
1.900000e+01
1.550000e+01
1.200000e+01
1.050000e+01
9.000000e+00
7.500000e+00
6.000000e+00
4.000000e+00
4.000000e+00
4.000000e+00
4.000000e+00
3.000000e+00
2.000000e+00
1.500000e+00
1.000000e+00
1.000000e+00
5.000000e-01
5.000000e-01
0.000000e+00
0.000000e+00
0.000000e+00
0.000000e+00
0.000000e+00
0.000000e+00
0.000000e+00
0.000000e+00
0.000000e+00
0.000000e+00
0.000000e+00
0.000000e+00
0.000000e+00
0.000000e+00
0.000000e+00
0.000000e+00
0.000000e+00
0.000000e+00
0.000000e+00
0.000000e+00
0.000000e+00
0.000000e+00
0.000000e+00
0.000000e+00
0.000000e+00
0.000000e+00
0.000000e+00
0.000000e+00
0.000000e+00
0.000000e+00
0.000000e+00
0.000000e+00
0.000000e+00
0.000000e+00
0.000000e+00
