8.665500e+04
7.476950e+04
6.412500e+04
5.476150e+04
4.662800e+04
3.969200e+04
3.363650e+04
2.840000e+04
2.390900e+04
2.021000e+04
1.701900e+04
1.433050e+04
1.207250e+04
1.016800e+04
8.523000e+03
7.167000e+03
6.047500e+03
5.074500e+03
4.227000e+03
3.568500e+03
2.991500e+03
2.504000e+03
2.080500e+03
1.761500e+03
1.488000e+03
1.236000e+03
1.039500e+03
8.765000e+02
7.230000e+02
6.040000e+02
4.985000e+02
4.135000e+02
3.535000e+02
2.990000e+02
2.545000e+02
2.115000e+02
1.730000e+02
1.510000e+02
1.210000e+02
9.950000e+01
8.100000e+01
6.750000e+01
5.400000e+01
4.700000e+01
3.400000e+01
3.100000e+01
2.550000e+01
2.250000e+01
1.750000e+01
1.450000e+01
1.400000e+01
1.050000e+01
8.000000e+00
7.000000e+00
5.500000e+00
5.500000e+00
5.000000e+00
4.000000e+00
3.000000e+00
2.000000e+00
1.500000e+00
1.000000e+00
5.000000e-01
0.000000e+00
0.000000e+00
0.000000e+00
0.000000e+00
0.000000e+00
0.000000e+00
0.000000e+00
0.000000e+00
0.000000e+00
0.000000e+00
0.000000e+00
0.000000e+00
0.000000e+00
0.000000e+00
0.000000e+00
0.000000e+00
0.000000e+00
0.000000e+00
0.000000e+00
0.000000e+00
0.000000e+00
0.000000e+00
0.000000e+00
0.000000e+00
0.000000e+00
0.000000e+00
0.000000e+00
0.000000e+00
0.000000e+00
0.000000e+00
0.000000e+00
0.000000e+00
0.000000e+00
0.000000e+00
0.000000e+00
0.000000e+00
0.000000e+00
